0.14645049499995366
0.10816869199970824
0.11047352800051158
0.1273300279999603
0.11210997699981817
0.10811967399968125
0.1081147980003152
0.10880144700058736
0.10802230999979656
0.10816539299958094
0.10823858299954736
0.10758447099942714
0.1074960280002415
0.10859233799965295
0.10864656200010359
0.10835223699996277
0.108423455000775
0.10855472799994459
0.10742148099961923
0.10849984200012841
0.10837454800002888
0.10801822699977492
0.10791215100016416
0.10815086100046756
0.10722013400027208
0.1074901800002408
0.10809063200031233
0.10932668599980389
0.10789844400005677
0.10785131000011461
0.10775645499961684
0.10777151699949172
0.10781562800002575
0.10929767200013885
0.10954278200006229
0.1087770680005633
0.10858979200020258
0.10795285699987289
0.10846558599951095
0.1086890950000452
0.10811103099968022
0.10842580200005614
0.10876515100062534
0.10806329099978029
0.1073413559997789
0.10875377799948183
0.11006636199999775
0.10862337099933939
0.10911508899971523
0.10931785599950672
0.1096213410000928
0.10913495400018292
0.11009502499928203
0.10981512600028509
0.10817760600002657
0.10970026999984839
0.10947492900049838
0.10939347200019256
0.10892626199984079
0.10930169800030853
0.10834942299970862
0.10947503700026573
0.10937527800069802
0.10995929000000615
0.10904837500038411
0.10866654900019057
0.1097518830001718
0.10968761099957192
0.10974225399968418
0.10859701400022459
0.10840738600018085
0.10892211100053828
0.10931563499980257
0.10949968299973989
0.10907812400000694
0.1088739289998557
0.10976735900021595
0.11030768300042837
0.11082441599955928
0.1115153040000223
0.10996996199992282
0.11072707399944193
0.11027340100008587
0.11089463200005412
0.11063690899936773
0.11089084800005367
0.10998033399937412
0.1111521510001694
0.11029116400004568
0.11014832400087471
0.10972448099983012
0.11017268800060265
0.11029400900042674
0.10933387099976244
0.10877218899986474
0.1072833839998566
0.10846296100044128
0.1088854640001955
0.10869358699983422
0.11010818700015079
