0.0027010000000000
0.0018150000000000
0.0007300000000000
0.0006500000000000
0.0006470000000000
0.0006370000000000
0.0006370000000000
0.0006580000000000
0.0006390000000000
0.0006390000000000
0.0006400000000000
0.0006420000000000
0.0006590000000000
0.0006920000000000
0.0006520000000000
0.0006440000000000
0.0006430000000000
0.0006650000000000
0.0006500000000000
0.0006430000000000
0.0006400000000000
0.0006380000000000
0.0006480000000000
0.0006480000000000
0.0006440000000000
0.0006390000000000
0.0006400000000000
0.0006450000000000
0.0006410000000000
0.0006480000000000
0.0006430000000000
0.0006400000000000
0.0006650000000000
0.0006510000000000
0.0006450000000000
0.0006380000000000
0.0006380000000000
0.0006420000000000
0.0006410000000000
0.0006390000000000
0.0006390000000000
0.0006440000000000
0.0006470000000000
0.0006460000000000
0.0006400000000000
0.0006390000000000
0.0006420000000000
0.0006380000000000
0.0006440000000000
0.0006400000000000
0.0006390000000000
0.0006400000000000
0.0006390000000000
0.0006430000000000
0.0006400000000000
0.0006350000000000
0.0006410000000000
0.0006360000000000
0.0006450000000000
0.0006460000000000
0.0006440000000000
0.0006390000000000
0.0006380000000000
0.0006390000000000
0.0006450000000000
0.0006410000000000
0.0006430000000000
0.0006390000000000
0.0006810000000000
0.0006750000000000
0.0006650000000000
0.0006420000000000
0.0006450000000000
0.0006490000000000
0.0006470000000000
0.0006420000000000
0.0006390000000000
0.0006390000000000
0.0006390000000000
0.0006420000000000
0.0006380000000000
0.0006370000000000
0.0006540000000000
0.0006400000000000
0.0006640000000000
0.0006490000000000
0.0006410000000000
0.0006410000000000
0.0006380000000000
0.0006440000000000
0.0006450000000000
0.0006420000000000
0.0006400000000000
0.0006420000000000
0.0006440000000000
0.0006360000000000
0.0006390000000000
0.0006410000000000
0.0006390000000000
0.0006400000000000
